0.0 0.0 0.0 0.0 3 0.5235987755982988 
1.2201557678886247e-06 3.66046730367e-06 0.0 4.22674356626e-07 3 0.5235987755982988 
1.2201557678886247e-06 3.66046730367e-06 1.54718566253e-12 4.22674356626e-07 3 0.5235987755982988 
2.4403115357772495e-06 7.32093460733e-06 3.09437132506e-12 8.45348713253e-07 3 0.0 
2.4403115357772495e-06 7.32093460733e-06 4.64155698758e-12 4.22674356626e-07 3 0.5235987755982988 
2.4403115357772495e-06 7.32093460733e-06 3.09437132506e-12 8.45348713253e-07 3 0.0 
1.525194709860781e-06 4.57558412958e-06 1.93398207816e-12 5.28342945783e-07 3 -0.5235987755982988 
1.525194709860781e-06 4.57558412958e-06 2.03068118207e-12 3.1700576747e-07 3 -0.5235987755982988 
1.3156136151304144e-06 3.94684084539e-06 1.66822841503e-12 4.55741924907e-07 3 -0.5235987755982988 
1.3156136151304144e-06 3.94684084539e-06 1.67769809168e-12 3.89606788345e-07 3 0.5235987755982988 
1.3156136151304144e-06 3.94684084539e-06 1.65875873839e-12 4.55741924907e-07 3 0.0 
1.244020229699072e-06 3.7320606891e-06 1.57744635065e-12 4.30941248696e-07 3 0.5235987755982988 
1.244020229699072e-06 3.7320606891e-06 1.57803820544e-12 4.30941248696e-07 3 0.0 
1.2261218833412366e-06 3.67836565002e-06 1.55475083456e-12 4.24741079644e-07 3 0.0 
1.2261218833412366e-06 3.67836565002e-06 1.55478782548e-12 4.22674356626e-07 3 0.0 
1.2320879987938485e-06 3.69626399638e-06 1.56231600659e-12 4.22674356626e-07 3 0.5235987755982988 
1.2320879987938485e-06 3.69626399638e-06 1.56231600659e-12 4.24741079644e-07 3 0.0 
1.2380541142464604e-06 3.71416234274e-06 1.56995516047e-12 4.22674356626e-07 3 -0.5235987755982988 
1.2380541142464604e-06 3.71416234274e-06 1.56991816955e-12 4.20607633609e-07 3 0.5235987755982988 
1.2440202296990723e-06 3.7320606891e-06 1.57740935973e-12 4.26807802661e-07 3 0.0 
1.2440202296990723e-06 3.7320606891e-06 1.5775203325e-12 4.24741079644e-07 3 -0.5235987755982988 
1.2499863451516841e-06 3.74995903545e-06 1.58508550453e-12 4.20607633609e-07 3 0.5235987755982988 
1.2499863451516841e-06 3.74995903545e-06 1.58501152269e-12 4.24741079644e-07 3 0.0 
1.255952460604296e-06 3.76785738181e-06 1.59268766749e-12 4.22674356626e-07 3 0.0 
1.255952460604296e-06 3.76785738181e-06 1.59265067657e-12 4.22674356626e-07 3 -0.5235987755982988 
1.2619185760569079e-06 3.78575572817e-06 1.6002158486e-12 4.18540910591e-07 3 -0.5235987755982988 
1.2619185760569079e-06 3.78575572817e-06 1.60014186675e-12 4.18540910591e-07 3 0.5235987755982988 
1.2678846915095198e-06 3.80365407453e-06 1.60763305693e-12 4.24741079644e-07 3 0.5235987755982988 
1.2678846915095198e-06 3.80365407453e-06 1.6077440297e-12 4.24741079644e-07 3 -0.5235987755982988 
1.2738508069621316e-06 3.82155242089e-06 1.61534619266e-12 4.18540910591e-07 3 -0.5235987755982988 
1.2738508069621316e-06 3.82155242089e-06 1.61523521989e-12 4.18540910591e-07 3 0.0 
1.2798169224147435e-06 3.83945076724e-06 1.62272641007e-12 4.20607633609e-07 3 0.0 
1.2798169224147435e-06 3.83945076724e-06 1.62276340099e-12 4.20607633609e-07 3 -0.5235987755982988 
1.2857830378673554e-06 3.8573491136e-06 1.6302915821e-12 4.16474187574e-07 3 0.0 
1.2857830378673554e-06 3.8573491136e-06 1.63021760025e-12 4.18540910591e-07 3 0.5235987755982988 
1.2917491533199673e-06 3.87524745996e-06 1.63774578136e-12 4.22674356626e-07 3 0.0 
1.2917491533199673e-06 3.87524745996e-06 1.63781976321e-12 4.20607633609e-07 3 0.0 
1.2977152687725792e-06 3.89314580632e-06 1.64531095339e-12 4.20607633609e-07 3 0.0 
1.303681384225191e-06 3.91104415268e-06 1.6528391345e-12 4.20607633609e-07 3 0.0 
1.3156136151304148e-06 3.94684084539e-06 1.66789549671e-12 4.20607633609e-07 3 0.5235987755982988 
1.3156136151304148e-06 3.94684084539e-06 1.66789549671e-12 4.22674356626e-07 3 0.5235987755982988 
1.3275458460356386e-06 3.98263753811e-06 1.68309982262e-12 4.28874525679e-07 3 0.5235987755982988 
1.3275458460356386e-06 3.98263753811e-06 1.68317380447e-12 4.26807802661e-07 3 -0.5235987755982988 
1.3394780769408623e-06 4.01843423082e-06 1.69848910316e-12 4.14407464556e-07 3 0.5235987755982988 
1.3394780769408623e-06 4.01843423082e-06 1.69819317576e-12 4.22674356626e-07 3 0.0 
1.3411933351334882e-06 4.0235800054e-06 1.70051459765e-12 4.20650340502e-07 3 0.5235987755982988 
1.3411933351334882e-06 4.0235800054e-06 1.70051091885e-12 4.20904725042e-07 3 0.0 
1.342908593326114e-06 4.02872577998e-06 1.70267290113e-12 4.20607633609e-07 3 -0.5235987755982988 
1.342908593326114e-06 4.02872577998e-06 1.70267668981e-12 4.20310542175e-07 3 -0.5235987755982988 
1.34462385151874e-06 4.03387155456e-06 1.70483721996e-12 4.19419267874e-07 3 0.5235987755982988 
1.34462385151874e-06 4.03387155456e-06 1.70483645558e-12 4.20310542175e-07 3 0.0 
1.349413213412475e-06 4.04823964024e-06 1.71087780661e-12 4.22329706083e-07 3 0.5235987755982988 
1.349413213412475e-06 4.04823970056e-06 1.71087780661e-12 4.22329706083e-07 3 0.0 
1.349413213412475e-06 4.04823964024e-06 1.7108778321e-12 4.22329706083e-07 3 0.5235987755982988 
1.349413213412475e-06 4.04823964024e-06 1.71087780661e-12 4.22329712376e-07 3 0.5235987755982988 
1.3542025753062103e-06 4.06260772592e-06 1.71691792426e-12 4.23331617996e-07 3 -0.5235987755982988 
1.3589919371999454e-06 4.0769758116e-06 1.72292875061e-12 4.17029254125e-07 3 0.5235987755982988 
1.3741125178739661e-06 4.12233755362e-06 1.74200014298e-12 4.25365090313e-07 3 -0.5235987755982988 
1.3741125178739661e-06 4.12233761505e-06 1.74200014298e-12 4.25365090313e-07 3 -0.5235987755982988 
1.3741125178739661e-06 4.12233755362e-06 1.7420001732e-12 4.25365090313e-07 3 0.0 
1.3741125178739661e-06 4.12233755362e-06 1.74200014298e-12 4.25365096652e-07 3 0.5235987755982988 
1.3892330985479869e-06 4.16769929564e-06 1.76153079621e-12 4.30553421311e-07 3 0.5235987755982988 
1.540438905288195e-06 4.62131671586e-06 1.96882932633e-12 4.81178916974e-07 3 -0.5235987755982988 
1.540438905288195e-06 4.62131678473e-06 1.96882932633e-12 4.81178916974e-07 3 0.5235987755982988 
1.540438905288195e-06 4.62131671586e-06 1.9688296285e-12 4.81178916974e-07 3 0.0 
1.540438905288195e-06 4.62131671586e-06 1.96882932633e-12 4.81178924144e-07 3 0.0 
1.6916447120284032e-06 5.07493413608e-06 2.19831642142e-12 5.29387039176e-07 3 0.5235987755982988 
1.8428505187686113e-06 5.52855155631e-06 2.4487556458e-12 5.75187983083e-07 3 -0.5235987755982988 
3.3549085861706927e-06 1.00647257585e-05 6.12132565433e-12 9.00429177804e-07 3 -0.5235987755982988 
3.3549085861706927e-06 1.00647259085e-05 6.12132565433e-12 9.00429177804e-07 3 -0.5235987755982988 
3.3549085861706927e-06 1.00647257585e-05 6.12132867601e-12 9.00429177804e-07 3 0.5235987755982988 
3.3549085861706927e-06 1.00647257585e-05 6.12132565433e-12 9.00429191221e-07 3 -0.5235987755982988 
3.3549085861706927e-06 1.00647257585e-05 6.12132837816e-12 1.04447409804e-06 3 -0.5235987755982988 
2.695952513670112e-06 8.08785754101e-06 4.2586788425e-12 7.88390195648e-07 3 0.0 
2.695952513670112e-06 8.08785766153e-06 4.2586788425e-12 7.88390195648e-07 3 0.0 
2.695952513670112e-06 8.08785754101e-06 4.25868054733e-12 7.88390195648e-07 3 0.0 
2.695952513670112e-06 8.08785754101e-06 4.2586788425e-12 7.88390207396e-07 3 0.5235987755982988 
3.5490545085716127e-06 1.06471635257e-05 6.4832017631e-12 9.24691139393e-07 3 0.5235987755982988 
4.402156503473113e-06 1.32064695104e-05 8.90381021508e-12 9.84114925189e-07 3 0.5235987755982988 
6.1083604932761145e-06 1.83250814798e-05 1.42452798802e-11 8.72331041155e-07 3 -0.5235987755982988 
6.1083604932761145e-06 1.83250817529e-05 1.42452798802e-11 8.72331041155e-07 3 0.0 
6.1083604932761145e-06 1.83250814798e-05 1.42452832898e-11 8.72331041155e-07 3 0.5235987755982988 
6.1083604932761145e-06 1.83250814798e-05 1.42452798802e-11 8.72331054153e-07 3 0.5235987755982988 
7.814564483079115e-06 2.34436934492e-05 1.7689196624e-11 4.64704002052e-07 3 -0.5235987755982988 
9.520768472882116e-06 2.85623054186e-05 1.80356092684e-11 -2.34895595258e-07 3 0.5235987755982988 
1.38984458799703e-05 4.16953376399e-05 9.21324179099e-14 -3.34770415632e-06 3 0.5235987755982988 
1.38984458799703e-05 4.16953382612e-05 9.21324179099e-14 -3.34770415632e-06 3 0.5235987755982988 
1.38984458799703e-05 4.16953376399e-05 9.21411660169e-14 -3.34770415632e-06 3 -0.5235987755982988 
1.38984458799703e-05 4.16953376399e-05 9.21324179099e-14 -3.34770410643e-06 3 0.0 
1.38984458799703e-05 4.16953376399e-05 -4.90356027087e-12 -3.2907297014e-06 3 0.0 
1.8276123287058486e-05 5.4828369861e-05 -7.96931025838e-11 -8.07283402813e-06 3 0.0 
1.8276123287058486e-05 5.48283698609e-05 -7.70397033721e-11 -8.10309501058e-06 3 0.5235987755982988 
2.2653800694146668e-05 6.79614020815e-05 -2.26697391237e-10 -1.45462239833e-05 3 0.5235987755982988 
2.703147810123485e-05 8.10944343005e-05 -4.67961189087e-10 -2.26457251174e-05 3 0.0 
3.140915550832303e-05 9.42274665167e-05 -8.26139111853e-10 -3.22992068187e-05 3 0.5235987755982988 
3.5786832915411215e-05 0.000107360498729 -1.32153825886e-09 -4.34613105934e-05 3 0.5235987755982988 
4.01645103224994e-05 0.000120493530933 -1.97352149554e-09 -5.60974463429e-05 3 0.0 
4.689279004752729e-05 0.000140678370064 -3.32495796327e-09 -7.83175108387e-05 3 0.5235987755982988 
4.689279004752729e-05 0.00014067837216 -3.32495796327e-09 -7.83175108387e-05 3 0.5235987755982988 
4.689279004752729e-05 0.000140678370064 -3.32495791372e-09 -7.83175108387e-05 3 -0.5235987755982988 
4.689279004752729e-05 0.000140678370064 -3.32495796327e-09 -7.83175096717e-05 3 -0.5235987755982988 
4.689279004752729e-05 0.000140678370062 -3.32410562318e-09 -7.8337580658e-05 3 0.5235987755982988 
5.362106977255518e-05 0.000160863209154 -5.15765937945e-09 -0.000103917131809 3 0.0 
6.034934949758307e-05 0.000181048048187 -7.5401605014e-09 -0.000132769644584 3 -0.5235987755982988 
6.707762922261095e-05 0.000201232887139 -1.053801545e-08 -0.000164792896704 3 -0.5235987755982988 
7.380590894763884e-05 0.000221417725978 -1.42141777499e-08 -0.000199934729545 3 0.0 
8.679214903839063e-05 0.00026037644515 -2.34572496982e-08 -0.000276345451302 3 0.5235987755982988 
8.679214903839063e-05 0.00026037644903 -2.34572496982e-08 -0.000276345451302 3 0.5235987755982988 
8.679214903839063e-05 0.00026037644515 -2.34572493486e-08 -0.000276345451302 3 -0.5235987755982988 
8.679214903839063e-05 0.00026037644515 -2.34572496982e-08 -0.000276345447185 3 0.0 
8.679214903839063e-05 0.000260376445139 -2.34554610879e-08 -0.000276387514691 3 0.0 
9.977838912914242e-05 0.00029933516345 -3.58974174939e-08 -0.00036375917932 3 -0.5235987755982988 
9.977838912914242e-05 0.000299335163397 -3.5890698116e-08 -0.000363917417806 3 0.0 
9.527150828502854e-05 0.000285814521713 -3.11891042154e-08 -0.000332230473097 3 -0.5235987755982988 
9.527150828502854e-05 0.000285814525972 -3.11891042154e-08 -0.000332230473097 3 0.0 
9.527150828502854e-05 0.000285814521713 -3.11891037507e-08 -0.000332230473097 3 0.0 
9.527150828502854e-05 0.000285814521713 -3.11891042154e-08 -0.000332230468146 3 -0.5235987755982988 
9.527150828502854e-05 0.000285814521695 -3.11891130115e-08 -0.000332458326617 3 0.5235987755982988 
8.848802088771822e-05 0.000265464060485 -2.48890703302e-08 -0.000287188096571 3 0.0 
8.848802088771822e-05 0.000265464064441 -2.48890703302e-08 -0.000287188096571 3 0.5235987755982988 
8.848802088771822e-05 0.000265464060485 -2.48890699594e-08 -0.000287188096571 3 0.0 
8.848802088771822e-05 0.000265464060485 -2.48890703302e-08 -0.000287188092292 3 -0.5235987755982988 
9.01838927370458e-05 0.000270551675815 -2.63779698247e-08 -0.000298173485637 3 0.0 
9.187976458637339e-05 0.000275639291128 -2.79232883133e-08 -0.000309342378118 3 -0.5235987755982988 
9.357563643570097e-05 0.000280726906424 -2.95259081223e-08 -0.000320693376032 3 0.0 
9.696738013435614e-05 0.000290902136958 -3.29067024972e-08 -0.000343935869113 3 -0.5235987755982988 
9.696738013435614e-05 0.000290902141293 -3.29067024972e-08 -0.000343935869113 3 -0.5235987755982988 
9.696738013435614e-05 0.000290902136958 -3.29067020068e-08 -0.000343935869113 3 0.5235987755982988 
9.696738013435614e-05 0.000290902136958 -3.29067024972e-08 -0.000343935863988 3 0.0 
0.00010035912383301132 0.00030107736741 -3.65276387941e-08 -0.00036789272953 3 -0.5235987755982988 
0.00010375086753166649 0.00031125259777 -4.03958988647e-08 -0.000392557182675 3 -0.5235987755982988 
0.00010714261123032166 0.00032142782803 -4.45186837605e-08 -0.000417921934368 3 -0.5235987755982988 
0.00011053435492897683 0.000331603058181 -4.8903116256e-08 -0.000443981182328 3 0.0 
0.00011907484454398449 0.000357224524095 -6.11488163313e-08 -0.000512652267134 3 0.0 
0.00011907484454398449 0.000357224529418 -6.11488163313e-08 -0.000512652267134 3 -0.5235987755982988 
0.00011907484454398449 0.000357224524095 -6.11488154201e-08 -0.000512652267134 3 0.0 
0.00011907484454398449 0.000357224524095 -6.11488163313e-08 -0.000512652259495 3 0.0 
0.00011907484454398449 0.000357224524313 -6.07315695875e-08 -0.000478703048929 3 -0.5235987755982988 
0.00011907484454398449 0.000357224524293 -6.07482507657e-08 -0.000480059430244 3 -0.5235987755982988 
0.00011754275031979044 0.000352628242012 -5.88217521922e-08 -0.000500011641715 3 0.5235987755982988 
0.00011754275031979044 0.000352628242221 -5.84205137353e-08 -0.000467382015611 3 0.5235987755982988 
0.00011193603400713955 0.000335808094991 -5.07930337452e-08 -0.000454952070951 3 0.0 
0.00011193603400713955 0.000335808099995 -5.07930337452e-08 -0.000454952070951 3 0.5235987755982988 
0.00011193603400713955 0.000335808094991 -5.07930329883e-08 -0.000454952070951 3 -0.5235987755982988 
0.00011193603400713955 0.000335808094991 -5.07930337452e-08 -0.000454952064172 3 0.0 
0.00011193603400713955 0.000335808094991 -5.07930167052e-08 -0.000454886353824 3 0.5235987755982988 
0.00011053435492897683 0.000331603058181 -4.89031359218e-08 -0.000443980886417 3 0.0 
0.0001106745228367931 0.000332023561863 -4.90898315316e-08 -0.000443980886417 3 0.0 
0.0001106745228367931 0.000332023566811 -4.90898315316e-08 -0.000443980886417 3 0.0 
0.0001106745228367931 0.000332023561863 -4.90898308001e-08 -0.000443980886417 3 0.5235987755982988 
0.0001106745228367931 0.000332023561863 -4.90898315316e-08 -0.000443980879801 3 0.0 
0.00011081469074460936 0.000332444065545 -4.92765271413e-08 -0.000443980886417 3 -0.5235987755982988 
0.00011095485865242563 0.000332864569227 -4.94632212337e-08 -0.000443977278001 3 0.0 
0.0001110950265602419 0.000333285072909 -4.96499160848e-08 -0.000443979082209 3 -0.5235987755982988 
0.00011123519446805817 0.000333705576591 -4.98366094185e-08 -0.000443975473793 3 0.0 
0.00011151553028369072 0.000334546583955 -5.02099976033e-08 -0.000443977278001 3 0.0 
0.00011151553028369072 0.00033454658894 -5.02099976033e-08 -0.000443977278001 3 -0.5235987755982988 
0.00011151553028369072 0.000334546583955 -5.02099968551e-08 -0.000443977278001 3 0.5235987755982988 
0.00011151553028369072 0.000334546583955 -5.02099976033e-08 -0.000443977271386 3 -0.5235987755982988 
0.00011179586609932326 0.000335387591319 -5.05833857881e-08 -0.000443977278001 3 -0.5235987755982988 
0.00011459922425564871 0.000343797664959 -5.43172676976e-08 -0.000443977351315 3 0.5235987755982988 
0.00011459922425564871 0.000343797670082 -5.43172676976e-08 -0.000443977351315 3 0.0 
0.00011459922425564871 0.000343797664959 -5.43172668882e-08 -0.000443977351315 3 0.5235987755982988 
0.00011459922425564871 0.000343797664959 -5.43172676976e-08 -0.000443977344699 3 0.0 
0.00011740258241197416 0.000352207738599 -5.80511506112e-08 -0.000443977404731 3 0.0 
0.0001454361639752286 0.000436308475 -9.53899802527e-08 -0.00044397800505 3 -0.5235987755982988 
0.0001454361639752286 0.000436308481502 -9.53899802527e-08 -0.00044397800505 3 -0.5235987755982988 
0.0001454361639752286 0.000436308475 -9.53899788313e-08 -0.00044397800505 3 0.5235987755982988 
0.0001454361639752286 0.000436308475 -9.53899802527e-08 -0.000443977998434 3 0.0 
0.00017346974553848307 0.000520409211401 -1.32728865401e-07 -0.00044397807074 3 0.0 
0.00045380556117102767 0.00136141657541 -5.06117609619e-07 -0.00044397979232 3 -0.5235987755982988 
0.00045380556117102767 0.0013614165957 -5.06117609619e-07 -0.00044397979232 3 0.0 
0.00045380556117102767 0.00136141657541 -5.06117602077e-07 -0.00044397979232 3 0.0 
0.00045380556117102767 0.00136141657541 -5.06117609619e-07 -0.000443979785705 3 0.0 
0.0007341413768035723 0.00220242393942 -8.79508139618e-07 -0.000443980066578 3 -0.5235987755982988 
0.0026179751493076078 0.00785392469993 -3.38865991228e-06 -0.000443983724179 3 0.5235987755982988 
0.0026179751493076078 0.00785392481696 -3.38865991228e-06 -0.000443983724179 3 0.5235987755982988 
0.0026179751493076078 0.00785392469993 -3.38865986179e-06 -0.000443983724179 3 0.5235987755982988 
0.0026179751493076078 0.00785392469993 -3.38865991228e-06 -0.000443983717563 3 0.5235987755982988 
0.0026179751493076078 0.00785392643284 2.99391690737e-07 0.000208599553328 3 0.0 
0.0026179751493076078 0.00785392340105 -3.38865961586e-06 -0.000443979608071 3 0.5235987755982988 
0.001205099819929581 0.00361529912955 -1.50679646914e-06 -0.000443980637098 3 -0.5235987755982988 
0.001205099819929581 0.00361529918342 -1.50679646914e-06 -0.000443980637098 3 0.0 
0.001205099819929581 0.00361529912955 -1.50679644668e-06 -0.000443980637098 3 0.0 
0.001205099819929581 0.00361529912955 -1.50679646914e-06 -0.000443980630482 3 0.5235987755982988 
0.0016760582630555901 0.00502817431967 -2.13408668257e-06 -0.000443981306066 3 -0.5235987755982988 
0.0026179751493076078 0.00785392469992 -3.38866767737e-06 -0.000443982557025 3 0.5235987755982988 
0.0026179751493076078 0.00785392481695 -3.38866767737e-06 -0.000443982557025 3 0.5235987755982988 
0.0026179751493076078 0.00785392469992 -3.38866762687e-06 -0.000443982557025 3 0.5235987755982988 
0.0026179751493076078 0.00785392469992 -3.38866767737e-06 -0.000443982550409 3 0.0 
0.003559892035559626 0.0106796750802 -4.64325555772e-06 -0.000443983943764 3 0.0 
0.012979060898079806 0.0389371788826 -1.71891382985e-05 -0.000443997877314 3 0.5235987755982988 
0.012979060898079806 0.0389371794629 -1.71891382985e-05 -0.000443997877314 3 0.5235987755982988 
0.012979060898079806 0.0389371788826 -1.71891380423e-05 -0.000443997877314 3 0.5235987755982988 
0.012979060898079806 0.0389371788826 -1.71891382985e-05 -0.000443997870698 3 -0.5235987755982988 
0.022398229760599984 0.0671946826848 -2.97358043697e-05 -0.000444011804247 3 0.0 
0.11658991838580177 0.349769720697 -0.000155222540409 -0.000444151106665 3 -0.5235987755982988 
0.11658991838580177 0.349769725909 -0.000155222540409 -0.000444151106665 3 0.0 
0.11658991838580177 0.349769720697 -0.000155222538096 -0.000444151106665 3 0.5235987755982988 
0.11658991838580177 0.349769720697 -0.000155222540409 -0.000444151100047 3 0.0 
0.21078160701100357 0.632344758692 -0.0002807482444 -0.000444290399528 3 0.5235987755982988 
0.30497329563620534 0.91491979667 -0.000406313312423 -0.000444429708555 3 0.5235987755982988 
1.2468901818882232 3.74067017548 -0.00166412901061 -0.000445822987848 3 0.0 
1.2468901818882232 3.74067023122 -0.00166412901061 -0.000445822987848 3 -0.5235987755982988 
1.2468901818882232 3.74067017548 -0.00166412898581 -0.000445822987848 3 0.0 
1.2468901818882232 3.74067017548 -0.00166412901061 -0.000445822981205 3 0.5235987755982988 
2.188807068140241 6.56642055254 -0.002925882433 -0.000447216670047 3 -0.5235987755982988 
3.130723954392259 9.39217092784 -0.00419157493598 -0.000448610737069 3 -0.5235987755982988 
6.199519286046458 18.598555987 -0.00834256991492 -0.000453155322429 3 0.5235987755982988 
6.199519286046458 18.5985562642 -0.00834256991492 -0.000453155322429 3 0.0 
6.199519286046458 18.598555987 -0.0083425697906 -0.000453155322429 3 -0.5235987755982988 
6.199519286046458 18.598555987 -0.00834256991492 -0.000453155315676 3 0.0 
9.268314617700657 27.8049410272 -0.0125354259961 -0.000457701948943 3 0.0 
12.337109949354856 37.0113260482 -0.0167701555642 -0.000462253057492 3 -0.5235987755982988 
15.405905281009055 46.2177110498 -0.0210467990387 -0.000466807937346 3 0.0 
23.64914868379612 70.9474384924 -0.0327422749441 -0.000479061139484 3 0.0 
23.64914868379612 70.9474395496 -0.0327422749441 -0.000479061139484 3 0.5235987755982988 
23.64914868379612 70.9474384924 -0.0327422744562 -0.000479061139484 3 0.0 
23.64914868379612 70.9474384924 -0.0327422749441 -0.000479061132345 3 0.5235987755982988 
23.64914868379612 70.9474384924 -0.0327422910032 -0.000479061139484 3 -0.5235987755982988 
31.892392086583186 95.6771657897 -0.0447411186902 -0.00049134352615 3 0.0 
31.892392086583186 95.6771657897 -0.0447411628096 -0.00049134352615 3 0.5235987755982988 
40.13563548937025 120.406892938 -0.0570441067101 -0.000503657604791 3 0.0 
48.37887889215732 145.136619932 -0.0696520451848 -0.000516005750483 3 -0.5235987755982988 
59.4702023602664 178.410585762 -0.0870987661703 -0.000532678194855 3 -0.5235987755982988 
57.19222811015353 171.576663975 -0.0834702431892 -0.000529248278024 3 -0.5235987755982988 
66.00557732814974 198.016707832 -0.0976392082907 -0.000542535384195 3 0.5235987755982988 
74.81892654614596 224.456751498 -0.112160064024 -0.000555870010347 3 0.0 
83.63227576414218 250.896794968 -0.127034111665 -0.000569255028476 3 0.0 
92.4456249821384 277.336838237 -0.142262756967 -0.000582693334831 3 0.5235987755982988 
108.38352589261473 325.150532506 -0.170707127839 -0.000607139601893 3 0.0 
108.38352589261473 325.150537351 -0.170707127839 -0.000607139601893 3 0.0 
108.38352589261473 325.150532506 -0.170707125295 -0.000607139601893 3 0.5235987755982988 
108.38352589261473 325.150532506 -0.170707127839 -0.000607139592845 3 -0.5235987755982988 
108.38352589261473 325.150532506 -0.170707155681 -0.000607139700915 3 0.0 
124.32142680309106 372.964226063 -0.200325128112 -0.000631787197007 3 -0.5235987755982988 
124.32142680309106 372.964226063 -0.200325168969 -0.000631787351369 3 0.5235987755982988 
140.2593277135674 420.777918872 -0.231126811725 -0.000656653912363 3 0.5235987755982988 
156.19722862404373 468.591610896 -0.26312305324 -0.000681757699412 3 0.5235987755982988 
172.13512953452008 516.405302098 -0.296325621793 -0.000707116990052 3 0.0 
197.1945637931249 591.583584987 -0.351000883679 -0.000747552213577 3 -0.5235987755982988 
197.1945637931249 591.583593802 -0.351000883679 -0.000747552213577 3 0.0 
197.1945637931249 591.583584987 -0.351000878448 -0.000747552213577 3 0.5235987755982988 
197.1945637931249 591.583584987 -0.351000883679 -0.000747552202437 3 0.5235987755982988 
197.1945637931249 591.583584987 -0.35100093708 -0.000747552094275 3 0.0 
222.25399805172972 666.761865582 -0.408743858205 -0.000788740495181 3 0.0 
222.25399805172972 666.761865582 -0.408743909249 -0.000788740386467 3 0.5235987755982988 
247.31343231033455 741.940143709 -0.469614070201 -0.000830759056033 3 0.5235987755982988 
272.3728665689394 817.118419184 -0.533676839705 -0.00087368786063 3 -0.5235987755982988 
297.4323008275442 892.296691806 -0.601003668592 -0.00091760958981 3 -0.5235987755982988 
322.49173508614905 967.474961361 -0.671672454155 -0.000962609951806 3 0.5235987755982988 
347.5511693447539 1042.65322762 -0.74576764452 -0.00100877807819 3 -0.5235987755982988 
372.6106036033587 1117.83149032 -0.823380475294 -0.00105620662983 3 0.5235987755982988 
397.6700378619635 1193.00974921 -0.904609280639 -0.00110499201731 3 0.5235987755982988 
436.4764598206725 1309.42893888 -1.03778297047 -0.0011834523042 3 -0.5235987755982988 
436.4764598206725 1309.4289584 -1.03778297047 -0.0011834523042 3 -0.5235987755982988 
436.4764598206725 1309.42893888 -1.03778295501 -0.0011834523042 3 0.5235987755982988 
436.4764598206725 1309.42893888 -1.03778297047 -0.00118345228656 3 0.5235987755982988 
436.4764598206725 1309.42893888 -1.03778300758 -0.00118345225307 3 0.0 
475.2828817793815 1425.84811748 -1.18031317314 -0.00126579811373 3 0.5235987755982988 
475.2828817793815 1425.84811748 -1.18031329081 -0.00126579798836 3 0.5235987755982988 
514.0893037380905 1542.26728362 -1.33267619418 -0.00135244368119 3 0.5235987755982988 
514.0893037380905 1542.26728361 -1.33267635138 -0.00135244351074 3 0.5235987755982988 
552.8957256967994 1658.68643573 -1.49539792786 -0.00144382785147 3 -0.5235987755982988 
591.7021476555084 1775.10557204 -1.66905676855 -0.00154041489578 3 -0.5235987755982988 
630.5085696142173 1891.52469051 -1.85428668665 -0.00164269525348 3 -0.5235987755982988 
669.3149915729263 2007.94378882 -2.05178033243 -0.00175118599537 3 0.5235987755982988 
708.1214135316352 2124.3628643 -2.26229215138 -0.00186643150301 3 0.5235987755982988 
746.9278354903441 2240.78191393 -2.4866415597 -0.00198900388552 3 -0.5235987755982988 
785.7342574490531 2357.20093425 -2.72571619932 -0.00211950338501 3 0.5235987755982988 
824.540679407762 2473.61992129 -2.98047525667 -0.00225855889449 3 -0.5235987755982988 
863.347101366471 2590.03887053 -3.25195280716 -0.00240682801443 3 0.0 
909.9809025173173 2729.93983614 -3.60188127901 -0.00259816393807 3 0.0 
956.6147036681637 2869.84072931 -3.97965041207 -0.00280504651857 3 -0.5235987755982988 
1003.24850481901 3009.7415379 -4.3875260874 -0.00302878543328 3 -0.5235987755982988 
