0.0 0.0 0.0 0.0 3 -0.5235987755982988 
1.2201557678886247e-06 3.66046730367e-06 0.0 -4.22674356626e-07 3 -0.5235987755982988 
1.2201557678886247e-06 3.66046730367e-06 -1.54718566253e-12 -4.22674356626e-07 3 -0.5235987755982988 
2.4403115357772495e-06 7.32093460733e-06 -3.09437132506e-12 -8.45348713253e-07 3 -0.5235987755982988 
2.4403115357772495e-06 7.32093460733e-06 -4.64155698758e-12 -8.45348713253e-07 3 -0.5235987755982988 
0.0056241203867386964 0.0168723611498 -1.6435811044e-05 -0.00194825245154 3 -0.5235987755982988 
0.0056241203867386964 0.0168723451566 -1.6435800651e-05 -0.00194825245154 3 -0.5235987755982988 
0.011245800461941615 0.0337373373714 -6.57146749993e-05 -0.00389565955437 3 -0.5235987755982988 
0.011245800461941615 0.033737305392 -6.57146126953e-05 -0.00389565955437 3 -0.5235987755982988 
0.016867480537144534 0.0506021696615 -0.000147836378471 -0.0058430666572 3 -0.5235987755982988 
0.016867480537144534 0.0506021376824 -0.00014783625389 -0.0058430666572 3 -0.5235987755982988 
0.046261655522122795 0.138779447366 -0.00111203503808 -0.0160255075613 3 -0.5235987755982988 
0.046261655522122795 0.13877908315 -0.00111202297178 -0.0160255075613 3 -0.5235987755982988 
0.03670123439056021 0.110100920072 -0.000699904930449 -0.012713680533 3 -0.5235987755982988 
0.03670123439056021 0.110100754232 -0.00069990158936 -0.012713680533 3 -0.5235987755982988 
0.020834231307827668 0.0625021432914 -0.000225545916776 -0.00721718943236 3 -0.5235987755982988 
0.020834231307827668 0.0625021366572 -0.000225545871057 -0.00721718943236 3 -0.5235987755982988 
0.0248009820785108 0.0744020096535 -0.000319607447387 -0.00859131220752 3 -0.5235987755982988 
0.0248009820785108 0.0744020162879 -0.000319607462008 -0.00859131220752 3 -0.5235987755982988 
0.028767732849193935 0.0863017554316 -0.000430020867495 -0.00996543498267 3 -0.5235987755982988 
0.028767732849193935 0.0863017554317 -0.00043002085463 -0.00996543498267 3 -0.5235987755982988 
0.03273448361987707 0.0982013316192 -0.000556785853305 -0.0113395577578 3 -0.5235987755982988 
0.03273448361987707 0.0982013316193 -0.00055678584044 -0.0113395577578 3 -0.5235987755982988 
0.04066798516124334 0.12199990525 -0.000859369667635 -0.0140878033081 3 -0.5235987755982988 
0.04066798516124334 0.121999905251 -0.000859369605886 -0.0140878033081 3 -0.5235987755982988 
0.04860148670260961 0.145797557435 -0.00122735644295 -0.0168360488585 3 -0.5235987755982988 
0.04860148670260961 0.145797557435 -0.00122735647383 -0.0168360488585 3 -0.5235987755982988 
0.056534988243975876 0.169594108433 -0.00166074362719 -0.0195842944088 3 -0.5235987755982988 
0.056534988243975876 0.169594108433 -0.00166074365807 -0.0195842944088 3 -0.5235987755982988 
0.06446848978534214 0.193389378511 -0.00215952788871 -0.0223325399591 3 -0.5235987755982988 
0.06446848978534214 0.193389378512 -0.00215952788872 -0.0223325399591 3 -0.5235987755982988 
0.07240199132670841 0.217183187949 -0.00272370539853 -0.0250807855094 3 -0.5235987755982988 
0.07240199132670841 0.217183187949 -0.00272370539854 -0.0250807855094 3 -0.5235987755982988 
0.1517370067403711 0.455001416786 -0.0119609289276 -0.0525632410125 3 -0.5235987755982988 
0.1517370067403711 0.455001418197 -0.0119609289813 -0.0525632410125 3 -0.5235987755982988 
0.2310720221540338 0.692476010289 -0.0277296701765 -0.0800456965157 3 -0.5235987755982988 
0.2310720221540338 0.692476013572 -0.0277296706635 -0.0800456965157 3 -0.5235987755982988 
0.3104070375676965 0.929427628802 -0.0500180202372 -0.107528152019 3 -0.5235987755982988 
0.3104070375676965 0.929427625023 -0.0500180212784 -0.107528152019 3 -0.5235987755982988 
0.3897420529813592 1.1656772987 -0.0788091465302 -0.135010607522 3 -0.5235987755982988 
0.3897420529813592 1.16567729764 -0.0788091478055 -0.135010607522 3 -0.5235987755982988 
0.46907706839502195 1.40104660678 -0.1140813048 -0.162493063025 3 -0.5235987755982988 
0.46907706839502195 1.40104660665 -0.114081306095 -0.162493063025 3 -0.5235987755982988 
0.5484120838086847 1.63535779242 -0.155807855989 -0.189975518528 3 -0.5235987755982988 
0.5484120838086847 1.63535779227 -0.15580785728 -0.189975518528 3 -0.5235987755982988 
0.7886309746310798 2.33657372789 -0.321163912867 -0.273189783297 3 -0.5235987755982988 
0.7886309746310798 2.33657371615 -0.321163984672 -0.273189783297 3 -0.5235987755982988 
1.0288498654534748 3.0216191697 -0.544231477906 -0.356404048065 3 -0.5235987755982988 
1.0288498654534748 3.02161910429 -0.544231754613 -0.356404048065 3 -0.5235987755982988 
1.2690687562758698 3.68575306659 -0.823467597466 -0.439618312834 3 -0.5235987755982988 
1.2690687562758698 3.68575301807 -0.823467417148 -0.439618312834 3 -0.5235987755982988 
1.5092876470982648 4.32437929235 -1.15693870396 -0.522832577602 3 -0.5235987755982988 
1.5092876470982648 4.32437923852 -1.15693850282 -0.522832577602 3 -0.5235987755982988 
1.7495065379206598 4.93307815092 -1.5423372115 -0.606046842371 3 -0.5235987755982988 
1.7495065379206598 4.93307807803 -1.54233717616 -0.606046842371 3 -0.5235987755982988 
1.9897254287430548 5.50763703527 -1.97699627291 -0.689261107139 3 -0.5235987755982988 
1.9897254287430548 5.50763696397 -1.97699623937 -0.689261107139 3 -0.5235987755982988 
2.22994431956545 6.04407966149 -2.45790762207 -0.772475371907 3 -0.5235987755982988 
2.22994431956545 6.04407959322 -2.45790758272 -0.772475371907 3 -0.5235987755982988 
2.5669682111105936 6.72540630154 -3.20416470387 -0.889223872612 3 -0.5235987755982988 
2.5669682111105936 6.72540609225 -3.20416455721 -0.889223872612 3 -0.5235987755982988 
2.9039921026557374 7.31516833581 -4.02470507684 -1.00597237332 3 -0.5235987755982988 
2.9039921026557374 7.31516798193 -4.02470477496 -1.00597237332 3 -0.5235987755982988 
3.241015994200881 7.80533543538 -4.90835668605 -1.12272087402 3 -0.5235987755982988 
3.241015994200881 7.80533578136 -4.90835678055 -1.12272087402 3 -0.5235987755982988 
3.578039885746025 8.18923562495 -5.84308978118 -1.23946937472 3 -0.5235987755982988 
3.578039885746025 8.18923597339 -5.8430898776 -1.23946937472 3 -0.5235987755982988 
3.9150637772911687 8.46164172786 -6.81617794387 -1.35621787543 3 -0.5235987755982988 
3.9150637772911687 8.46164186408 -6.81617792391 -1.35621787543 3 -0.5235987755982988 
4.252087668836312 8.61884463889 -7.8143726281 -1.47296637613 3 -0.5235987755982988 
4.252087668836312 8.6188447214 -7.81437258268 -1.47296637613 3 -0.5235987755982988 
4.589111560381456 8.6587041828 -8.82408373129 -1.58971487684 3 -0.5235987755982988 
4.589111560381456 8.65870426971 -8.82408369559 -1.58971487684 3 -0.5235987755982988 
4.9261354519266 8.58067774125 -9.83156433618 -1.70646337754 3 -0.5235987755982988 
4.9261354519266 8.58067783173 -9.83156431085 -1.70646337754 3 -0.5235987755982988 
5.403744464093858 8.27059592893 -11.2287629465 -1.87191199259 3 -0.5235987755982988 
5.403744464093858 8.27059626425 -11.2287628958 -1.87191199259 3 -0.5235987755982988 
5.881353476261117 7.73463662606 -12.555813367 -2.03736060763 3 -0.5235987755982988 
5.881353476261117 7.73463756343 -12.5558133065 -2.03736060763 3 -0.5235987755982988 
6.358962488428375 6.98743943607 -13.7764723527 -2.20280922268 3 -0.5235987755982988 
6.358962488428375 6.98743924076 -13.7764726483 -2.20280922268 3 -0.5235987755982988 
6.836571500595634 6.04940863188 -14.8574032328 -2.36825783772 3 -0.5235987755982988 
6.836571500595634 6.04940795049 -14.8574036575 -2.36825783772 3 -0.5235987755982988 
7.314180512762892 4.94616256139 -15.7690848491 -2.53370645277 3 -0.5235987755982988 
7.314180512762892 4.94616213715 -15.7690851778 -2.53370645277 3 -0.5235987755982988 
7.7917895249301505 3.70783251995 -16.4866181808 -2.69915506781 3 -0.5235987755982988 
7.7917895249301505 3.70783238186 -16.486618406 -2.69915506781 3 -0.5235987755982988 
8.269398537097409 2.36823867826 -16.9904066968 -2.86460368286 3 -0.5235987755982988 
8.269398537097409 2.36823853414 -16.9904068927 -2.86460368286 3 -0.5235987755982988 
8.747007549264668 0.963966227452 -17.2666915718 -3.0300522979 3 -0.5235987755982988 
8.747007549264668 0.963966053916 -17.2666917412 -3.0300522979 3 -0.5235987755982988 
9.224616561431926 -0.466632970683 -17.3079272362 -3.19550091295 3 -0.5235987755982988 
9.224616561431926 -0.466633169749 -17.3079273747 -3.19550091295 3 -0.5235987755982988 
9.702225573599184 -1.88448802264 -17.1129875087 -3.36094952799 3 -0.5235987755982988 
9.702225573599184 -1.8844882418 -17.1129876125 -3.36094952799 3 -0.5235987755982988 
10.179834585766443 -3.25087608767 -16.687196361 -3.52639814304 3 -0.5235987755982988 
10.179834585766443 -3.25087632093 -16.6871964273 -3.52639814304 3 -0.5235987755982988 
