0.0 0.0 0.0 0.0 3 -0.5235987755982988 
1.2201557678886247e-06 3.66046730367e-06 0.0 -4.22674356626e-07 3 0.0 
1.2201557678886247e-06 3.66046730367e-06 -1.54718566253e-12 0.0 3 0.0 
2.699955370448675e-07 8.09986611135e-07 0.0 -9.35291975957e-08 3 0.0 
2.699955370448675e-07 8.09986611135e-07 -7.57573978027e-14 0.0 3 0.0 
5.3999107408973504e-08 1.61997322227e-07 0.0 -1.87058395191e-08 3 -0.5235987755982988 
5.3999107408973504e-08 1.61997322227e-07 -3.03029591211e-15 -1.87058395191e-08 3 -0.5235987755982988 
1.0799821481794701e-07 3.23994644454e-07 -6.06059182422e-15 -3.74116790383e-08 3 0.5235987755982988 
1.0799821481794701e-07 3.23994644454e-07 -9.09088773632e-15 0.0 3 0.5235987755982988 
9.416218380248823e-08 2.82486551407e-07 -5.28414809694e-15 -3.26187372995e-08 3 0.0 
9.416218380248823e-08 2.82486551407e-07 -6.96050242617e-15 -1.87058395191e-08 3 0.0 
1.3432526019600297e-07 4.02975780588e-07 -7.53800028178e-15 -1.87058395191e-08 3 0.0 
2.1465141298303242e-07 6.43954238949e-07 -1.20457046515e-14 -1.87058395191e-08 3 0.5235987755982988 
2.1465141298303242e-07 6.43954238949e-07 -1.20457046515e-14 9.11995604159e-09 3 0.0 
2.1465141298303242e-07 6.43954238949e-07 -5.34028733456e-15 -1.87058395191e-08 3 -0.5235987755982988 
1.5440679839276033e-07 4.63220395178e-07 -8.6649263742e-15 -1.87058395191e-08 3 0.5235987755982988 
1.5440679839276033e-07 4.63220395178e-07 -8.6649263742e-15 -1.1749390629e-08 3 0.0 
1.5440679839276033e-07 4.63220395178e-07 -8.24583779189e-15 -1.87058395191e-08 3 0.5235987755982988 
1.393456447451923e-07 4.18036934236e-07 -7.81973180488e-15 -1.87058395191e-08 3 -0.5235987755982988 
1.393456447451923e-07 4.18036934236e-07 -7.81973180488e-15 -2.04449517417e-08 3 -0.5235987755982988 
1.4436602929438165e-07 4.33098087883e-07 -8.15384940078e-15 -2.21840639642e-08 3 0.0 
1.4436602929438165e-07 4.33098087883e-07 -8.18004243717e-15 -2.04449517417e-08 3 0.0 
1.5440679839276033e-07 4.63220395178e-07 -8.76969851978e-15 -2.04449517417e-08 3 -0.5235987755982988 
1.5440679839276033e-07 4.63220395178e-07 -8.76969851978e-15 -2.39231761868e-08 3 -0.5235987755982988 
1.6444756749113901e-07 4.93342702473e-07 -9.59509192993e-15 -2.74014006319e-08 3 0.0 
1.6444756749113901e-07 4.93342702473e-07 -9.6998640755e-15 -2.39231761868e-08 3 -0.5235987755982988 
1.744883365895177e-07 5.23465009769e-07 -1.03157131945e-14 -3.0879625077e-08 3 0.0 
1.744883365895177e-07 5.23465009769e-07 -1.05252574857e-14 -2.74014006319e-08 3 0.5235987755982988 
1.8452910568789638e-07 5.53587317064e-07 -1.12458787502e-14 -2.04449517417e-08 3 -0.5235987755982988 
1.8452910568789638e-07 5.53587317064e-07 -1.10363344591e-14 -2.74014006319e-08 3 0.5235987755982988 
1.8452910568789638e-07 5.53587317064e-07 -1.12458787502e-14 -2.04449517417e-08 3 -0.5235987755982988 
1.7699852886411238e-07 5.30995586592e-07 -1.06268336926e-14 -2.30536200755e-08 3 -0.5235987755982988 
1.7699852886411238e-07 5.30995586592e-07 -1.05940923971e-14 -2.47927322981e-08 3 -0.5235987755982988 
1.7950872113870706e-07 5.38526163416e-07 -1.07938924906e-14 -2.56622884093e-08 3 0.5235987755982988 
1.7950872113870706e-07 5.38526163416e-07 -1.08004407497e-14 -2.39231761868e-08 3 0.0 
1.8239544225449094e-07 5.47186326763e-07 -1.09901928087e-14 -2.42177383195e-08 3 -0.5235987755982988 
1.8239544225449094e-07 5.47186326763e-07 -1.09957983231e-14 -2.5292727062e-08 3 0.0 
1.8528216337027483e-07 5.55846490111e-07 -1.12254225272e-14 -2.47927322981e-08 3 0.0 
1.8528216337027483e-07 5.55846490111e-07 -1.12173272419e-14 -2.47927322981e-08 3 -0.5235987755982988 
1.881688844860587e-07 5.64506653458e-07 -1.14298713352e-14 -2.6792711354e-08 3 0.0 
1.881688844860587e-07 5.64506653458e-07 -1.14406964261e-14 -2.5792721826e-08 3 0.5235987755982988 
1.8816969496684073e-07 5.64509084901e-07 -1.14364291036e-14 -2.52924462244e-08 3 0.5235987755982988 
1.8816969496684073e-07 5.64509084901e-07 -1.1436428495e-14 -2.52924463033e-08 3 -0.5235987755982988 
1.8817050544762274e-07 5.64511516343e-07 -1.1436489384e-14 -2.52932885796e-08 3 0.0 
1.8817050544762274e-07 5.64511516343e-07 -1.14364899932e-14 -2.52928674414e-08 3 0.0 
1.8817131592840476e-07 5.64513947785e-07 -1.14365514913e-14 -2.5292727062e-08 3 0.0 
1.8817131592840476e-07 5.64513947785e-07 -1.14365514907e-14 -2.52928674414e-08 3 0.5235987755982988 
1.8817131615595674e-07 5.64513948468e-07 -1.14365515081e-14 -2.52927269832e-08 3 -0.5235987755982988 
1.8817131615595674e-07 5.64513948468e-07 -1.14365515081e-14 -2.5292727062e-08 3 -0.5235987755982988 
1.8817131638350873e-07 5.64513949151e-07 -1.14365515254e-14 -2.52927272197e-08 3 0.0 
1.8817131638350873e-07 5.64513949151e-07 -1.14365515254e-14 -2.52927271014e-08 3 -0.5235987755982988 
1.8817131661106072e-07 5.64513949833e-07 -1.14365515426e-14 -2.52927272197e-08 3 -0.5235987755982988 
1.881713168073243e-07 5.64513950422e-07 -1.14365515575e-14 -2.52927272877e-08 3 -0.5235987755982988 
1.8817131700358786e-07 5.64513951011e-07 -1.14365515724e-14 -2.52927273557e-08 3 0.0 
1.8817131700358786e-07 5.64513951011e-07 -1.14365515724e-14 -2.52927273217e-08 3 -0.5235987755982988 
1.8817131739611502e-07 5.64513952188e-07 -1.14365516022e-14 -2.52927274916e-08 3 0.0 
1.8817131739611502e-07 5.645139606e-07 -1.14365516022e-14 -2.52927274916e-08 3 -0.5235987755982988 
1.8817131739611502e-07 5.64513952188e-07 -1.14365514318e-14 -2.52927274916e-08 3 0.0 
1.8817131739611502e-07 5.64513952188e-07 -1.14365516022e-14 -2.52927271147e-08 3 0.0 
1.8817131778864218e-07 5.64513953366e-07 -1.1436551632e-14 -2.52927273557e-08 3 -0.5235987755982988 
1.8817131818116935e-07 5.64513954544e-07 -1.14365516618e-14 -2.52927276729e-08 3 0.0 
1.8817132210644097e-07 5.64513966319e-07 -1.14365519596e-14 -2.5292727542e-08 3 -0.5235987755982988 
1.8817132210644097e-07 5.64513974731e-07 -1.14365519596e-14 -2.5292727542e-08 3 0.0 
1.8817132210644097e-07 5.64513966319e-07 -1.14365517892e-14 -2.5292727542e-08 3 -0.5235987755982988 
1.8817132210644097e-07 5.64513966319e-07 -1.14365519596e-14 -2.52927271651e-08 3 0.0 
1.8817132603171259e-07 5.64513978095e-07 -1.14365522574e-14 -2.52927264992e-08 3 0.5235987755982988 
1.8817136528442869e-07 5.64514095853e-07 -1.14365552359e-14 -2.52927248212e-08 3 -0.5235987755982988 
1.8817136528442869e-07 5.64514104265e-07 -1.14365552359e-14 -2.52927248212e-08 3 -0.5235987755982988 
1.8817136528442869e-07 5.64514095853e-07 -1.14365550655e-14 -2.52927248212e-08 3 0.5235987755982988 
1.8817136528442869e-07 5.64514095853e-07 -1.14365552359e-14 -2.52927244443e-08 3 -0.5235987755982988 
1.8817140453714479e-07 5.64514213611e-07 -1.14365582143e-14 -2.52927540162e-08 3 0.0 
1.8817179706430577e-07 5.64515391193e-07 -1.14365879986e-14 -2.52927404184e-08 3 0.5235987755982988 
1.8817179706430577e-07 5.64515399605e-07 -1.14365879986e-14 -2.52927404184e-08 3 0.0 
1.8817179706430577e-07 5.64515391193e-07 -1.14365878281e-14 -2.52927404184e-08 3 -0.5235987755982988 
1.8817179706430577e-07 5.64515391193e-07 -1.14365879986e-14 -2.52927400415e-08 3 -0.5235987755982988 
1.8817218959146675e-07 5.64516568774e-07 -1.14366177828e-14 -2.52927400421e-08 3 0.5235987755982988 
1.8817611486307643e-07 5.64528344589e-07 -1.14369156254e-14 -2.52927360931e-08 3 0.5235987755982988 
1.8817611486307643e-07 5.64528353001e-07 -1.14369156254e-14 -2.52927360931e-08 3 -0.5235987755982988 
1.8817611486307643e-07 5.64528344589e-07 -1.1436915455e-14 -2.52927360931e-08 3 0.0 
1.8817611486307643e-07 5.64528344589e-07 -1.14369156254e-14 -2.52927357162e-08 3 -0.5235987755982988 
1.8818004013468612e-07 5.64540120404e-07 -1.1437213468e-14 -2.52927319563e-08 3 0.5235987755982988 
1.8821929285078308e-07 5.64657878552e-07 -1.14401918932e-14 -2.52926904011e-08 3 0.0 
1.8821929285078308e-07 5.64657886966e-07 -1.14401918932e-14 -2.52926904011e-08 3 0.0 
1.8821929285078308e-07 5.64657878552e-07 -1.14401917227e-14 -2.52926904011e-08 3 -0.5235987755982988 
1.8821929285078308e-07 5.64657878552e-07 -1.14401918932e-14 -2.52926900242e-08 3 0.0 
1.8825854556688004e-07 5.64775636701e-07 -1.14431703184e-14 -2.52927317685e-08 3 -0.5235987755982988 
1.8865107272784952e-07 5.65953218184e-07 -1.14729562658e-14 -2.53071236613e-08 3 -0.5235987755982988 
1.8865107272784952e-07 5.65953226617e-07 -1.14729562658e-14 -2.53071236613e-08 3 0.5235987755982988 
1.8865107272784952e-07 5.65953218184e-07 -1.14729554814e-14 -2.53071236613e-08 3 0.0 
1.8865107272784952e-07 5.65953218184e-07 -1.14729562658e-14 -2.53071232842e-08 3 0.0 
1.89043599888819e-07 5.67130799666e-07 -1.15027728547e-14 -2.53201917138e-08 3 -0.5235987755982988 
1.9296887149851377e-07 5.78906614496e-07 -1.18009540413e-14 -2.54508645439e-08 3 0.0 
1.9296887149851377e-07 5.78906623122e-07 -1.18009540413e-14 -2.54508645439e-08 3 0.0 
1.9296887149851377e-07 5.78906614496e-07 -1.18009461971e-14 -2.54508645439e-08 3 -0.5235987755982988 
1.9296887149851377e-07 5.78906614496e-07 -1.18009540413e-14 -2.54508641647e-08 3 0.0 
1.9689414310820854e-07 5.90682429325e-07 -1.20991198393e-14 -2.53201839748e-08 3 -0.5235987755982988 
2.3614685920515627e-07 7.08440577615e-07 -1.50808640632e-14 -2.53275078558e-08 3 -0.5235987755982988 
2.3614685920515627e-07 7.08440588172e-07 -1.50808640632e-14 -2.53275078558e-08 3 0.0 
2.3614685920515627e-07 7.08440577615e-07 -1.50807856205e-14 -2.53275078558e-08 3 0.0 
2.3614685920515627e-07 7.08440577615e-07 -1.50808640632e-14 -2.53275074783e-08 3 0.0 
2.75399575302104e-07 8.26198725906e-07 -1.80641675548e-14 -2.5334157635e-08 3 0.0 
6.679267362715813e-07 2.00378020881e-06 -4.78979811446e-14 -2.54006554555e-08 3 0.0 
6.679267362715813e-07 2.00378023867e-06 -4.78979811446e-14 -2.54006554555e-08 3 -0.5235987755982988 
6.679267362715813e-07 2.00378020881e-06 -4.78971967184e-14 -2.54006554555e-08 3 0.5235987755982988 
6.679267362715813e-07 2.00378020881e-06 -4.78979811446e-14 -2.5400655077e-08 3 0.0 
1.0604538972410586e-06 3.18136169172e-06 -7.77310116241e-14 -2.53341538677e-08 3 0.5235987755982988 
4.985725506935831e-06 1.49571765208e-05 -3.76069945149e-13 -2.53414813679e-08 3 -0.5235987755982988 
4.985725506935831e-06 1.49571767437e-05 -3.76069945149e-13 -2.53414813679e-08 3 -0.5235987755982988 
4.985725506935831e-06 1.49571765208e-05 -3.76062100906e-13 -2.53414813679e-08 3 0.0 
4.985725506935831e-06 1.49571765208e-05 -3.76069945149e-13 -2.53414809903e-08 3 -0.5235987755982988 
8.910997116630604e-06 2.67329913499e-05 -6.74392405749e-13 -2.533348774e-08 3 0.0 
4.816371321357833e-05 0.000144491139641 -3.65769545423e-12 -2.53341538715e-08 3 0.0 
4.816371321357833e-05 0.000144491141794 -3.65769545423e-12 -2.53341538715e-08 3 -0.5235987755982988 
4.816371321357833e-05 0.000144491139641 -3.65761701364e-12 -2.53341538715e-08 3 -0.5235987755982988 
4.816371321357833e-05 0.000144491139641 -3.65769545423e-12 -2.5334153494e-08 3 -0.5235987755982988 
8.741642931052606e-05 0.000262249287932 -6.6409985026e-12 -2.53341538711e-08 3 -0.5235987755982988 
0.0004799435902800033 0.00143983077084 -3.6474029475e-11 -2.5334158017e-08 3 0.0 
0.0004799435902800033 0.0014398307923 -3.6474029475e-11 -2.5334158017e-08 3 0.5235987755982988 
0.0004799435902800033 0.00143983077084 -3.64732452538e-11 -2.5334158017e-08 3 0.5235987755982988 
0.0004799435902800033 0.00143983077084 -3.6474029475e-11 -2.53341572328e-08 3 0.0 
0.0008724707512494806 0.00261741225375 -6.6307060403e-11 -2.53341542484e-08 3 -0.5235987755982988 
0.0047977423609442535 0.0143932270828 -3.6462874325e-10 -2.53268286975e-08 3 -0.5235987755982988 
0.0047977423609442535 0.0143932272973 -3.6462874325e-10 -2.53268286975e-08 3 -0.5235987755982988 
0.0047977423609442535 0.0143932270828 -3.6462091946e-10 -2.53268286975e-08 3 0.0 
0.0047977423609442535 0.0143932270828 -3.6462874325e-10 -2.53268208737e-08 3 0.0 
0.008723013970639026 0.0261690419119 -6.62796009434e-10 -2.5320308659e-08 3 -0.5235987755982988 
0.047975730067586764 0.143927190203 -3.64440000408e-09 -2.52551691182e-08 3 -0.5235987755982988 
0.047975730067586764 0.143927192347 -3.64440000408e-09 -2.52551691182e-08 3 -0.5235987755982988 
0.047975730067586764 0.143927190203 -3.64432356182e-09 -2.52551691182e-08 3 -0.5235987755982988 
0.047975730067586764 0.143927190203 -3.64440000408e-09 -2.5255092676e-08 3 0.5235987755982988 
0.0872284461645345 0.261685338494 -6.61071411968e-09 -2.51898841706e-08 3 0.5235987755982988 
0.4797556071340119 1.4392668214 -3.58822798092e-08 -2.45397483949e-08 3 0.5235987755982988 
0.4797556071340119 1.43926684285 -3.58822798092e-08 -2.45397483949e-08 3 -0.5235987755982988 
0.4797556071340119 1.4392668214 -3.58816580798e-08 -2.45397483949e-08 3 0.0 
0.4797556071340119 1.4392668214 -3.58822798092e-08 -2.45391266655e-08 3 -0.5235987755982988 
0.8722827681034893 2.61684830431 -6.43963474309e-08 -2.38911107254e-08 3 -0.5235987755982988 
1.2648099290729666 3.79442978722 -9.2148881015e-08 -2.32440531399e-08 3 0.5235987755982988 
5.190081538767741 15.5702446163 -3.27693418568e-07 -1.68336766229e-08 3 0.5235987755982988 
5.190081538767741 15.5702448483 -3.27693418568e-07 -1.68336766229e-08 3 0.0 
5.190081538767741 15.5702446163 -3.27691782446e-07 -1.68336766229e-08 3 0.0 
5.190081538767741 15.5702446163 -3.27693418568e-07 -1.68320405016e-08 3 0.0 
9.115353148462514 27.3460594454 -4.87100832619e-07 -1.03504946798e-08 3 0.5235987755982988 
13.040624758157287 39.1218742745 -5.70332530747e-07 -3.83360649105e-09 3 0.0 
52.29334085510502 156.880022565 2.78913475566e-06 6.09628792754e-08 3 0.5235987755982988 
52.29334085510502 156.880024903 2.78913475566e-06 6.09628792754e-08 3 0.5235987755982988 
52.29334085510502 156.880022565 2.78914381344e-06 6.09628792754e-08 3 -0.5235987755982988 
52.29334085510502 156.880022565 2.78913475566e-06 6.09719370564e-08 3 0.0 
91.54605695205277 274.638170856 1.37693700135e-05 1.25668663517e-07 3 0.0 
130.7987730490005 392.396319147 3.23703406754e-05 1.90316667587e-07 3 0.0 
523.3259340184778 1569.97780206 0.000637518824038 8.37457930496e-07 3 0.0 
523.3259340184778 1569.97782545 0.000637518824038 8.37457930496e-07 3 0.0 
523.3259340184778 1569.97780206 0.000637518833537 8.37457930496e-07 3 0.0 
523.3259340184778 1569.97780206 0.000637518824038 8.37459924483e-07 3 0.0 
523.3259340184778 1569.97780206 0.000298822208465 4.06034845493e-07 3 0.0 
147.45348061727003 442.360441852 4.25652889141e-05 2.17774423304e-07 3 0.0 
147.45348061727003 442.360448443 4.25652889141e-05 2.17774423304e-07 3 0.5235987755982988 
147.45348061727003 442.360441852 4.25652895484e-05 2.17774423304e-07 3 -0.5235987755982988 
147.45348061727003 442.360441852 4.25652889141e-05 2.17774507908e-07 3 0.0 
164.10818818553957 492.324564557 5.4132161091e-05 2.45232667348e-07 3 -0.5235987755982988 
180.76289575380912 542.288687261 6.70709554971e-05 2.72690778563e-07 3 -0.5235987755982988 
214.0723108903482 642.216932671 9.70643122651e-05 3.27607053648e-07 3 0.5235987755982988 
214.0723108903482 642.216942241 9.70643122651e-05 3.27607053648e-07 3 0.0 
214.0723108903482 642.216932671 9.70643199519e-05 3.27607053648e-07 3 0.5235987755982988 
214.0723108903482 642.216932671 9.70643122651e-05 3.2761473998e-07 3 0.0 
247.3817260268873 742.145178081 0.000132546887136 3.82546330602e-07 3 0.0 
280.6911411634264 842.07342349 0.000173519188147 4.37485556778e-07 3 -0.5235987755982988 
443.22631794958215 1329.67895385 0.000452183987393 7.05518700367e-07 3 -0.5235987755982988 
443.22631794958215 1329.67897366 0.000452183987393 7.05518700367e-07 3 0.5235987755982988 
443.22631794958215 1329.67895385 0.000452184024905 7.05518700367e-07 3 0.5235987755982988 
443.22631794958215 1329.67895385 0.000452183987393 7.05556206256e-07 3 -0.5235987755982988 
605.7614947357379 1817.28448421 0.00086154451524 9.73544368163e-07 3 -0.5235987755982988 
768.2966715218936 2304.89001457 0.00140160099438 1.2415865225e-06 3 0.5235987755982988 
2393.6484393834508 7180.94531814 0.01399044065 3.92194358006e-06 3 0.5235987755982988 
2393.6484393834508 7180.94542514 0.01399044065 3.92194358006e-06 3 0.0 
2393.6484393834508 7180.94531814 0.0139904410256 3.92194358006e-06 3 -0.5235987755982988 
2393.6484393834508 7180.94531814 0.01399044065 3.92231863896e-06 3 0.0 
