0.0 0.0 0.0 0.0 3 0.0 
1.2201557678886247e-06 3.66046730367e-06 0.0 0.0 3 0.0 
2.4403115357772495e-06 7.32093460733e-06 0.0 0.0 3 0.0 
0.012203997990422025 0.0366119939713 0.0 0.0 3 0.0 
0.02440555566930827 0.0732166670079 0.0 0.0 3 0.0 
0.03660711334819452 0.109821340045 0.0 0.0 3 0.0 
0.158622690137057 0.475868070411 0.0 0.0 3 0.0 
0.2806382669259195 0.841914800778 0.0 0.0 3 0.0 
0.40265384371478197 1.20796153114 0.0 0.0 3 0.0 
1.6228096116034068 4.86842883481 0.0 0.0 3 0.0 
2.8429653794920315 8.52889613848 0.0 0.0 3 0.0 
4.063121147380656 12.1893634421 0.0 0.0 3 0.0 
16.264678826266902 48.7940364788 0.0 0.0 3 0.0 
