0.0 0.0 0.0 0.0 3 -0.5235987755982988 
1.2201557678886247e-06 3.66046730367e-06 0.0 -4.22674356626e-07 3 -0.5235987755982988 
1.2201557678886247e-06 3.66046730367e-06 -1.54718566253e-12 -4.22674356626e-07 3 -0.5235987755982988 
2.4403115357772495e-06 7.32093460733e-06 -3.09437132506e-12 -8.45348713253e-07 3 0.5235987755982988 
2.4403115357772495e-06 7.32093460733e-06 -4.64155698758e-12 0.0 3 0.0 
2.4403115357772495e-06 7.32093460733e-06 -1.54718566253e-12 -4.22674356626e-07 3 0.5235987755982988 
1.525194709860781e-06 4.57558412958e-06 -1.93398207816e-12 -5.28342945783e-07 3 0.0 
1.525194709860781e-06 4.57558412958e-06 -2.03068118207e-12 -4.22674356626e-07 3 -0.5235987755982988 
1.525194709860781e-06 4.57558412958e-06 -1.93398207816e-12 -5.28342945783e-07 3 -0.5235987755982988 
1.8302336518329371e-06 5.4907009555e-06 -2.51417670161e-12 -6.34011534939e-07 3 -0.5235987755982988 
1.8302336518329371e-06 5.4907009555e-06 -2.61087580552e-12 -6.34011534939e-07 3 -0.5235987755982988 
2.1352725938050935e-06 6.40581778141e-06 -3.19107042896e-12 -7.39680124096e-07 3 0.5235987755982988 
2.1352725938050935e-06 6.40581778141e-06 -3.28776953287e-12 -5.28342945783e-07 3 -0.5235987755982988 
2.1352725938050935e-06 6.40581778141e-06 -3.09437132506e-12 -7.39680124096e-07 3 0.5235987755982988 
1.906493387325976e-06 5.71948016198e-06 -2.75592446138e-12 -6.60428682229e-07 3 0.0 
1.906493387325976e-06 5.71948016198e-06 -2.76196815537e-12 -6.34011534939e-07 3 0.5235987755982988 
1.906493387325976e-06 5.71948016198e-06 -2.75592446138e-12 -6.0759438765e-07 3 -0.5235987755982988 
1.8492985857061969e-06 5.54789575712e-06 -2.64713796948e-12 -6.40615821762e-07 3 0.5235987755982988 
1.8492985857061969e-06 5.54789575712e-06 -2.64751570036e-12 -6.27407248117e-07 3 0.0 
1.8683635195794566e-06 5.60509055874e-06 -2.6826446717e-12 -6.34011534939e-07 3 0.0 
1.8683635195794566e-06 5.60509055874e-06 -2.68302240257e-12 -6.34011534939e-07 3 0.5235987755982988 
1.8540648191745118e-06 5.56219445752e-06 -2.65573134688e-12 -6.34011534939e-07 3 -0.5235987755982988 
1.8540648191745118e-06 5.56219445752e-06 -2.6558257796e-12 -6.35662606645e-07 3 0.0 
1.8588310526428267e-06 5.57649315793e-06 -2.66493853695e-12 -6.34011534939e-07 3 -0.5235987755982988 
1.8588310526428267e-06 5.57649315793e-06 -2.66491492877e-12 -6.35662606645e-07 3 0.5235987755982988 
1.8635972861111417e-06 5.59079185833e-06 -2.67402768612e-12 -6.30709391528e-07 3 -0.5235987755982988 
1.8635972861111417e-06 5.59079185833e-06 -2.67395686158e-12 -6.34011534939e-07 3 0.0 
1.8683635195794566e-06 5.60509055874e-06 -2.68306961893e-12 -6.32360463234e-07 3 -0.5235987755982988 
1.8683635195794566e-06 5.60509055874e-06 -2.68304601075e-12 -6.34011534939e-07 3 0.0 
1.8731297530477715e-06 5.61938925914e-06 -2.69213515992e-12 -6.32360463234e-07 3 0.5235987755982988 
1.8731297530477715e-06 5.61938925914e-06 -2.69211155174e-12 -6.30709391528e-07 3 -0.5235987755982988 
1.8778959865160865e-06 5.63368795955e-06 -2.7011062682e-12 -6.35662606645e-07 3 0.0 
1.8778959865160865e-06 5.63368795955e-06 -2.70117709274e-12 -6.34011534939e-07 3 0.0 
1.8826622199844014e-06 5.64798665995e-06 -2.71021902555e-12 -6.34011534939e-07 3 -0.5235987755982988 
1.8826622199844014e-06 5.64798665995e-06 -2.71021902555e-12 -6.35662606645e-07 3 0.5235987755982988 
1.8874284534527164e-06 5.66228536036e-06 -2.7193317829e-12 -6.30709391528e-07 3 -0.5235987755982988 
1.8874284534527164e-06 5.66228536036e-06 -2.71926095836e-12 -6.34011534939e-07 3 -0.5235987755982988 
1.8921946869210313e-06 5.67658406076e-06 -2.72837371571e-12 -6.35662606645e-07 3 0.5235987755982988 
1.8921946869210313e-06 5.67658406076e-06 -2.72839732389e-12 -6.32360463234e-07 3 0.5235987755982988 
1.8969609203893462e-06 5.69088276117e-06 -2.73739204034e-12 -6.30709391528e-07 3 0.5235987755982988 
1.8969609203893462e-06 5.69088276117e-06 -2.73736843216e-12 -6.30709391528e-07 3 0.0 
1.9017271538576612e-06 5.70518146157e-06 -2.74638675679e-12 -6.32360463234e-07 3 0.0 
1.9017271538576612e-06 5.70518146157e-06 -2.74641036497e-12 -6.32360463234e-07 3 -0.5235987755982988 
1.906493387325976e-06 5.71948016198e-06 -2.75545229779e-12 -6.35662606645e-07 3 0.5235987755982988 
1.906493387325976e-06 5.71948016198e-06 -2.75549951414e-12 -6.32360463234e-07 3 0.5235987755982988 
1.911259620794291e-06 5.73377886238e-06 -2.7644942306e-12 -6.30709391528e-07 3 0.0 
1.911259620794291e-06 5.73377886238e-06 -2.76447062242e-12 -6.32360463234e-07 3 0.0 
1.916025854262606e-06 5.74807756279e-06 -2.77353616341e-12 -6.32360463234e-07 3 -0.5235987755982988 
1.916025854262606e-06 5.74807756279e-06 -2.77353616341e-12 -6.34011534939e-07 3 0.0 
1.920792087730921e-06 5.76237626319e-06 -2.78262531258e-12 -6.32360463234e-07 3 0.5235987755982988 
1.920792087730921e-06 5.76237626319e-06 -2.7826017044e-12 -6.30709391528e-07 3 -0.5235987755982988 
1.925558321199236e-06 5.7766749636e-06 -2.79159642085e-12 -6.35662606645e-07 3 -0.5235987755982988 
1.925558321199236e-06 5.7766749636e-06 -2.79166724539e-12 -6.35662606645e-07 3 0.0 
1.9303245546675508e-06 5.790973664e-06 -2.80075639456e-12 -6.34011534939e-07 3 0.0 
1.9303245546675508e-06 5.790973664e-06 -2.80073278638e-12 -6.34011534939e-07 3 0.0 
1.9398570216041807e-06 5.81957106481e-06 -2.81886386837e-12 -6.34011534939e-07 3 0.0 
1.9398570216041807e-06 5.81957115153e-06 -2.81886386837e-12 -6.34011534939e-07 3 -0.5235987755982988 
1.9398570216041807e-06 5.81957106481e-06 -2.81886382636e-12 -6.34011534939e-07 3 0.0 
1.9398570216041807e-06 5.81957106481e-06 -2.81886386837e-12 -6.34011525492e-07 3 0.0 
1.9493894885408105e-06 5.84816846562e-06 -2.83699495035e-12 -6.34011534939e-07 3 0.0 
2.0447141579071093e-06 6.13414247372e-06 -3.01830577018e-12 -6.34011534939e-07 3 0.0 
2.0447141579071093e-06 6.13414256513e-06 -3.01830577018e-12 -6.34011534939e-07 3 0.0 
2.0447141579071093e-06 6.13414247372e-06 -3.01830557968e-12 -6.34011534939e-07 3 0.0 
2.0447141579071093e-06 6.13414247372e-06 -3.01830577018e-12 -6.34011525492e-07 3 0.5235987755982988 
2.140038827273408e-06 6.42011648182e-06 -3.19961659e-12 -6.34011534939e-07 3 0.5235987755982988 
3.0932855209363963e-06 9.27985656281e-06 -5.012724818e-12 -6.34011638862e-07 3 0.0 
3.0932855209363963e-06 9.27985670109e-06 -5.012724818e-12 -6.34011638862e-07 3 0.0 
3.0932855209363963e-06 9.27985656281e-06 -5.01272291304e-12 -6.34011638862e-07 3 0.0 
3.0932855209363963e-06 9.27985656281e-06 -5.012724818e-12 -6.34011629415e-07 3 0.5235987755982988 
4.0465322145993845e-06 1.21395966438e-05 -6.82583358364e-12 -6.34011733337e-07 3 0.5235987755982988 
1.3578999151229266e-05 4.07369974537e-05 -2.49569218074e-11 -6.34012782011e-07 3 -0.5235987755982988 
1.3578999151229266e-05 4.07369980607e-05 -2.49569218074e-11 -6.34012782011e-07 3 -0.5235987755982988 
1.3578999151229266e-05 4.07369974537e-05 -2.4956902758e-11 -6.34012782011e-07 3 0.0 
1.3578999151229266e-05 4.07369974537e-05 -2.49569218074e-11 -6.34012772563e-07 3 0.5235987755982988 
2.3111466087859147e-05 6.93343982636e-05 -4.30880684855e-11 -6.34013797221e-07 3 0.0 
0.00011843613545415796 0.000355308406362 -2.24399562367e-10 -6.34023989837e-07 3 -0.5235987755982988 
0.00011843613545415796 0.000355308411657 -2.24399562367e-10 -6.34023989837e-07 3 -0.5235987755982988 
0.00011843613545415796 0.000355308406362 -2.24399371883e-10 -6.34023989837e-07 3 0.5235987755982988 
0.00011843613545415796 0.000355308406362 -2.24399562367e-10 -6.34023980389e-07 3 0.0 
0.00021376080482045677 0.000641282414461 -4.05716694683e-10 -6.34033608583e-07 3 -0.5235987755982988 
0.001167007498483445 0.00350102249545 -2.21888996286e-09 -6.34129593651e-07 3 -0.5235987755982988 
0.001167007498483445 0.00350102254762 -2.21888996286e-09 -6.34129593651e-07 3 -0.5235987755982988 
0.001167007498483445 0.00350102249545 -2.21888805911e-09 -6.34129593651e-07 3 0.0 
0.001167007498483445 0.00350102249545 -2.21888996286e-09 -6.34129584202e-07 3 0.0 
0.002120254192146433 0.00636076257644 -4.03260331938e-09 -6.34223147963e-07 3 0.0 
0.011652721128776314 0.0349581633863 -2.21699665194e-08 -6.35157645774e-07 3 -0.5235987755982988 
0.011652721128776314 0.0349581639072 -2.21699665194e-08 -6.35157645774e-07 3 -0.5235987755982988 
0.011652721128776314 0.0349581633863 -2.21699475901e-08 -6.35157645774e-07 3 0.0 
0.011652721128776314 0.0349581633863 -2.21699665194e-08 -6.35157626844e-07 3 0.5235987755982988 
0.021185188065406195 0.0635555641962 -4.03598314142e-08 -6.36067068324e-07 3 0.0 
0.116509857431705 0.349529572295 -2.23581409101e-07 -6.44499923682e-07 3 0.5235987755982988 
0.116509857431705 0.349529577503 -2.23581409101e-07 -6.44499923682e-07 3 0.5235987755982988 
0.116509857431705 0.349529572295 -2.23581229988e-07 -6.44499923682e-07 3 0.5235987755982988 
0.116509857431705 0.349529572295 -2.23581409101e-07 -6.44499744569e-07 3 0.0 
0.2118345267980038 0.635503580394 -4.09006194471e-07 -6.51644611734e-07 3 -0.5235987755982988 
0.3071591961643026 0.921477588493 -5.96164337616e-07 -6.57489200797e-07 3 0.5235987755982988 
0.7093516436712513 2.12805493101 -1.4055399517e-06 -6.67824474751e-07 3 0.0 
0.7093516436712513 2.12805496272 -1.4055399517e-06 -6.67824474751e-07 3 0.5235987755982988 
0.7093516436712513 2.12805493101 -1.40553953341e-06 -6.67824474751e-07 3 0.0 
0.7093516436712513 2.12805493101 -1.4055399517e-06 -6.67824056457e-07 3 -0.5235987755982988 
0.7093516436712513 2.12805493101 -1.39197537807e-06 -6.67824474751e-07 3 -0.5235987755982988 
1.1115440911782 3.33463227353 -2.20738467265e-06 -6.55004684157e-07 3 0.5235987755982988 
